84 45
116 -26
769 19
142 -15
955 35
904 -45
933 50
233 40
305 0
776 -15
686 3
883 14
7 -44
441 -20
744 36
709 10
151 2
927 -45
520 -7
105 -4
493 41
166 -31
390 17
489 27
44 -48
679 -33
44 -8
230 24
650 -32
301 5
841 -4
219 -35
890 15
262 0
918 44
234 -17
374 -5
538 -11
852 10
161 11
994 45
623 0
103 -25
440 -34
227 -25
496 29
453 -33
409 -16
563 -3
102 -29
388 28
945 41
789 -11
580 17
861 -38
535 -24
282 22
243 -9
714 -19
839 -45
126 10
710 44
399 -7
272 -25
492 -40
497 48
412 -17
343 27
924 34
840 -14
13 -13
989 -16
236 21
381 21
617 14
592 41
552 -25
320 17
122 -5
616 -26
667 -47
195 -41
905 -41
982 24
811 46
963 -29
899 -12
469 -44
239 13
786 -8
420 -32
597 -34
29 34
274 28
562 -10
467 -1
704 40
10 -38
903 28
788 -27
163 -22
888 -12
406 -18
547 -10
558 4
850 3
61 -3
300 -2
417 34
944 41
165 43
558 50
775 -19
181 -4
909 -21
390 -37
70 -4
484 39
985 -22
822 -12
715 -7
871 36
821 43
216 3
95 -26
215 16
273 -1
831 15
690 -8
76 -30
979 -3
21 45
445 -33
227 -13
886 -6
675 9
71 49
727 -7
67 -40
481 -16
157 -46
771 35
819 -19
179 16
964 -24
458 -40
774 3
46 49
981 -29
352 32
23 -8
818 -32
275 34
689 15
542 39
501 12
863 14
478 29
576 45
541 -16
262 14
537 -24
827 32
957 2
205 9
377 18
686 -44
673 -42
442 -38
652 -34
881 -13
680 9
126 40
776 -22
517 -1
945 -12
17 22
516 45
415 39
353 -28
132 -4
198 -36
276 -43
128 -10
934 44
52 2
634 -50
909 14
944 32
813 -43
55 -31
589 -42
589 -42
617 -40
576 -36
974 -40
50 -29
876 -6
745 -4
394 -36