401  402
450  451
274  275
217  339
53  105
450  454
763  765
754  755
788  789
487  496
571  573
485  488
737  738
74  82
187  209
123  390
165  213
230  231
762  763
617  619
381  496
350  384
410  412
207  444
394  531
281  551
483  497
499  689
577  650
529  535
602  685
493  502
315  469
30  76
657  769
54  59
404  414
668  738
918  922
371  711
476  495
376  421
834  975
266  302
595  837
349  357
793  891
320  323
494  499
261  264
811  949
297  439
298  621
59  346
609  695
498  726
22  54
538  546
256  259
514  538
778  795
409  742
852  975
399  400
366  406
899  989
681  762
701  705
364  430
839  840
653  820
525  697
543  618
602  603
71  74
629  633
452  494
369  387
508  509
28  90
505  591
795  798
625  662
284  557
967  977
10  262
933  976
340  515
970  971
835  836
705  741
462  463
28  110
440  581
40  80
2  25
413  439
38  39
486  496
835  877