401 402 0
450 451 0
274 275 62
217 339 48
53 105 -98
450 454 -33
763 765 0
754 755 0
788 789 -38
487 496 57
571 573 0
485 488 0
737 738 0
74 82 -30
187 209 -68
123 390 62
165 213 -44
230 231 24
762 763 0
617 619 -26
381 496 -158
350 384 38
410 412 -17
207 444 -5
394 531 -90
281 551 -21
483 497 144
499 689 -330
577 650 -194
529 535 -24
602 685 -272
493 502 130
315 469 -206
30 76 -93
657 769 -26
54 59 -31
404 414 -51
668 738 -30
918 922 44
371 711 -341
476 495 80
376 421 -6
834 975 50
266 302 18
595 837 -262
349 357 4
793 891 -16
320 323 17
494 499 77
261 264 14
811 949 136
297 439 40
298 621 -130
59 346 -82
609 695 -306
498 726 -270
22 54 -8
538 546 12
256 259 0
514 538 -22
778 795 -46
409 742 -355
852 975 110
399 400 -7
366 406 -19
899 989 50
681 762 59
701 705 40
364 430 -11
839 840 -59
653 820 -138
525 697 -387
543 618 -97
602 603 0
71 74 49
629 633 0
452 494 -38
369 387 34
508 509 0
28 90 -14
505 591 -51
795 798 0
625 662 -116
284 557 -68
967 977 -40
10 262 -167
933 976 140
340 515 -54
970 971 0
835 836 0
705 741 21
462 463 0
28 110 -98
440 581 -41
40 80 -93
2 25 -36
413 439 41
38 39 0
486 496 57
835 877 -44